166
164
163
180
343
438
514
575
495
486
481
480
480
480
478
478
476
476
474
475
474
474
473
472
472
472
471
470
470
471
470
469
470
469
469
469
468
467
467
467
466
465
466
465
465
465
465
465
464
464
464
463
463
463
463
462
462
463
462
462
462
462
462
462
462
462
463
463
463
463
463
463
463
463
463
463
464
465
464
466
465
465
465
466
465
466
466
466
467
467
466
467
467
468
466
468
467
467
468
468
469
468
467
468
469
468
469
469
469
468
469
470
469
469
468
469
470
471
469
470
470
471
470
470
471
470
471
471
470
472
471
472
471
472
473
472
473
472
473
473
473
473
473
473
474
473
473
474
474
475
475
474
475
475
476
475
475
476
475
476
476
477
476
476
476
478
477
478
478
477
477
477
477
477
477
477
477
478
478
477
478
479
478
478
479
477
479
479
478
480
479
478
478
479
479
480
479
480
479
479
478
478
480
479
479
479
479
479
479
479
479
479
479
480
481
482
480
480
481
481
481
481
481
481
482
484
482
482
483
483
483
483
482
483
483
484
484
484
484
484
484
485
486
485
485
484
485
486
485
485
486
485
486
485
485
486
485
486
485
486
486
486
485
486
486
487
486
486
486
486
487
487
486
486
488
486
487
487
486
487
487
488
487
487
487
487
487
488
487
488